384
3691
6942
7224
7212
6325
3518
1551
6890
5775
9868
964
6993
4311
353
88
5719
5502
6946
598
2699
2720
3217
2969
3781
4559
1761
4156
1358
6519
3152
8513
8031
548
8413
5441
5490
6640
3720
8739
2369
3588
5594
9452
4549
9194
7205
6120
8859
3777
1559
3765
6485
4640
5327
5700
5503
3328
7862
300
2912
1954
3569
8234
5302
9655
2177
4369
3861
5329
723
2503
3814
8196
3084
437
581
3451
7745
7490
4950
6279
2157
6495
7384
3887
2537
7564
7228
1792
1208
1469
5994
7628
9746
6340
5216
2975
5040
2579
8383
1314
7182
7382
3383
8103
2562
2051
6573
7201
2967
2415
2094
6361
1610
5110
381
3391
9997
197
7966
3689
5341
3665
6571
9366
6840
1739
3321
9899
528
2586
5407
4383
6662
6
1958
5840
636
8009
3076
8736
8273
4794
964
1913
9003
9570
952
462
5918
5925
804
1713
9999
978
5187
2498
6886
435
8407
7093
8503
5856
2603
7852
8566
1913
481
3444
549
8250
1353
2807
9029
2661
6769
6468
504
9728
7340
713
7756
1834
5497
4241
2615
7477
9866
1396
5596
5228
5717
858
7283
322
2486
3734
5571
4879
3790
441
4920
2069
7536
1420
8621
9129
3714
2804
2738
4094
5335
4472
892
6341
3553
4563
2306
1591
1510
1520
1669
7908
2661
1977
8262
387
8436
402
3558
8734
6960
4318
991
3751
9271
7122
9012
5841
1967
9051
8648
1096
5545
5700
9813
8271
5822
2611
6372
2996
1797
3954
8597
3955
7028
3073
3031
9439
3233
2756
4042
1689
4140
3507
8366
708
4873
8796
3801
8911
7119
7289
5874
2832
3172
3404
1797
8425
2586
9184
9286
2000
3587
2452
8974
9732
7701
8462
2992
4858
73
4890
9107
3152
9889
2859
9261
4113
4972
9951
3775
7380
2145
4657
7613
1341
290
5556
3089
3653
6142
2683
4191
1423
3820
2975
1296
2189
7866
6506
1481
5525
6098
5259
8834
9058
3016
1626
1244
2034
6665
9511
4970
4153
1873
6951
5994
7352
618
5509
7591
3427
5894
8331
6891
988
8915
5734
9276
1055
731
4463
8386
1836
8422
4341
1236
9686
2917
3940
2480
5068
167
5110
9225
9456
9941
4734
7944
1550
6794
910
8033
8914
5940
9909
2349
4203
2671
9732
3645
3535
7731
5849
7266
8206
2654
4808
4685
9982
8413
1787
9478
4479
7963
8878
7241
6776
8263
1934
3559
8337
154
5119
9665
4546
5160
3980
3680
7746
6668
9801
6460
1512
9249
281
4972
8084
3926
4188
2850
2383
9088
489
7331
2830
6455
5736
4133
1314
8991
6949
6974
2085
3007
1124
6431
2094
9801
6621
3641
3348
3168
6147
7912
1239
7823
5840
3764
1460
416
31
2123
2139
9129
6683
2462
7119
113
4187
7494
926
8978
6253
9727
5902
3406
7958
9654
7241
8571
2648
8633
2182
513
6392
5632
5540
3861
3918
5928
4873
9372
7580
1554
5131
3657
8797
7869
4413
8127
9602
7943
9576
6741
497
6636
2891
2429
9611
9219
8651
219
7345
5187
1743
1029
108
6495
8506
3854
6574
901
3927
5645
9932
5281
8201
7575
31
868
9982
3558
19
2190
3281
1922
3111
4161
9904
3950
6454
7251
9546
3631
696
8964
5236
1424
5866
932
2689
1088
6388
4887
8293
2703
705
7463
1968
6896
3833
3337
7936
4985
4426
8586
8557
7257
1413
1277
3811
6919
9144
4300
1773
411
4111
6246
3460
5687
773
9730
8807
8860
8815
2975
9225
6168
9204
9710
6151
2589
1880
4461
4359
660
3559
5184
3368
3029
207
2842
252
132
5053
8018
2381
9974
9652
7931
9191
491
2514
3344
7934
6185
7035
3759
9566
9831
8090
1016
7396
6911
4555
5976
2943
5152
3186
293
574
4041
7889
5468
4901
9510
7170
4349
2691
7130
1767
6029
4069
3093
3892
3704
6199
6016
9309
6458
6260
4187
3543
189
9591
2248
3926
9912
3122
8505
9906
5536
3874
9071
5051
5885
7224
7873
5530
1200
9866
2176
1514
2652
7984
1735
9870
8515
1986
5950
8836
534
5360
7451
7926
785
6695
2452
9224
8838
709
7882
9432
1406
6260
2840
5581
1817
6738
7218
1121
4631
989
3479
3293
1512
956
8541
7112
8072
5629
1446
6098
7814
9540
9092
4957
8538
8057
6679
4823
8607
1030
1720
7389
5324
957
474
273
5347
1775
3489
2304
7535
9630
2567
4070
1914
7524
4920
6024
4560
1609
1536
3722
7103
8101
5852
7370
1292
6237
5728
716
3598
4558
6377
2599
2193
4877
4463
2925
8785
736
3857
3729
815
4922
1718
5111
5248
3628
9469
5294
3865
3253
7036
3829
1310
9485
274
7083
1432
7330
875
5497
4464
5048
5285
2877
7457
4561
4129
8943
3042
5855
6496
7747
7070
3129
4045
6206
3987
5998
8366
8935
9879
9930
1264
7888
7064
6282
1729
7863
818
3790
5217
1835
8369
172
598
3318
2657
4629
7587
6447
8493
9456
2852
8334
6778
1722
6084
2399
3178
4032
8278
5823
1305
6747
3248
9070
6831
2742
9937
494
8212
9750
7504
4457
1742
4654
7343
7092
3487
8726
6206
9873
8353
2715
2428
7499
6972
5951
2885
3218
4437
4187
1758
1743
968
6749
3440
7102
3538
4782
997
442
9217
8843
8481
623
5511
5904
74
8730
352
2971
1575
6079
4539
6919
50
4203
2427
7916
5598
4402
2445
6861
5145
3923
7616
5615
1930
5620
7688
2498
5909
8018
8700
4527
9723
3108
2856
2154
2016
9920
1423
1903
4965
2941
6044
7225
5649
5778
9339
8138
1559
2130
3939
5779
8965
8082
232
8856
9158
2023
6981
5173
1603
1051
5730
2907
4976
5677
9446
3092
6720
7797
8194
6928
9288
467
9806
8921
6533
1837
1506
9634
6880
9747
9208
9874
832
7967
4837
1509
9130
9824
8433
8789
4459
45
1006
8055
3991
1064
6188
2996
2213
5729
3540
7266
3568
4394
4075
6184
2162
696
9014
4489
1537
6998
6086
7679
846
7394
3798
340
5123
3508
2995
6035
6339
5855
6793
9835
8865
1455
4469
6369
7647
6616
2272
3399
9894
2290
4281
3342
1429
8286
9411
2925
6959
1752
6450
4203
9499
4791
7634
8536
7909
5882
2672
8817
3105
9843
9348
4223
2879
1460
3900
6077
2449
8675
4195
3020
2893
2163
1409
8632
2426
9571
1397
4879
6112
4232
5207
323
8067
237
9325
2905
6456
7930
142
3268
5652
6551
3856
6131
1833
3597
2562
3979
7973
3732
9663
9478
1684
3563
2862
461
4728
2461
1001
4068
6090
3742
1795
4666
1519
5004
1114
3572
1152
1166
877
7258
3428
8866
1858
4729
7888
6265
9746
4065
1649
8016
7637
2723
4347
1182
5832
6164
4163
4234
260
4569
3202
7900
4174
7993
3911
3601
3820
6178
9510
2487
7758
403
460
5683
1188
1265
5897
4229
1204
8087
3637
5447
6243
2759
4883
960
3170
3267
92
446
8409
9884
561
4361
5319
83
6289
8307
8637
6575
4383
1528
8198
6577
3884
2073
8399
9391
2254
1593
6886
3699
5970
3428
5823
5587
2677
8689
1757
3242
5178
6350
5555
4518
8170
5047
2218
9122
7091
6220
1448
8025
4680
514
3760
8918
4963
1950
3697
7982
6219
7281
1187
5090
4212
1137
4500
1655
4462
1117
3368
7772
7667
811
8860
8049
5511
2880
7362
3583
5043
8796
9626
897
8574
6615
2276
7342
2618
3236
8373
6460
3767
3017
5695
6114
1605
316
6227
6801
8781
9549
8045
7507
6163
2723
1228
1699
6633
1003
2742
6615
4563
3886
1346
4864
9219
6798
2466
8549
9453
5525
4736
2617
3918
3799
4427
5934
5718
8562
1347
5706
2952
5953
9966
3324
6898
9925
2478
7408
7738
4516
6341
2924
3661
283
7385
3598
2960
5182
1056
8534
277
253
8540
2935
7580
882
1581
7145
7600
5121
9652
7836
2526
1561
5812
91
3516
615
3034
9406
7273
4698
1129
8158
4339
4757
5434
1972
47
2889
2400
7598
3132
3360
3920
5408
8883
7255
1774
6422
3431
9178
5934
5893
3255
7975
5638
2920
9340
7268
101
8284
8513
5741
6560
797
5489
1603
6903
5754
7850
402
597
7858
2819
461
822
4869
9022
5617
2791
7643
8667
643
8047
6761
5553
770
6241
5931
2151
3052
6349
7570
4654
3973
2561
6529
8298
4675
6229
3806
6568
2414
4110
3254
6920
4506
4936
806
2588
8860
828
7531
4699
3450
7459
4952
1458
5597
7032
3514
1467
742
1093
2795
6395
9594
6029
5144
4144
1930
2677
2777
7443
5183
2887
2061
4327
5950
125
7690
6412
3044
8232
3786
7995
1343
2314
8555
4097
6784
8400
4083
8312
4141
3977
3072
2030
895
9825
9911
5000
2472
4656
4306
3475
6386
7979
1898
6267
5419
3357
7791
899
2879
3750
5720
1755
6168
2984
7683
9645
8446
2586
6338
7493
1988
1155
5162
37
995
4268
9470
6331
6088
6516
4718
2634
7473
3657
7238
9825
8874
2142
6507
3869
9698
5272
7393
61
8663
126
5420
1793
8082
7049
8028
2381
4382
3971
52
4162
7065
1130
2209
2497
5290
7862
7218
3572
8521
2036
9419
3971
5277
4454
180
6891
1941
5074
3245
4526
1752
5243
1266
8708
2681
337
7205
2177
1692
141
2024
1008
2057
127
3154
4653
9861
5357
6590
3834
5582
189
9151
8086
6760
1173
6424
4127
8131
7564
6235
3446
6334
3735
7090
2494
7328
454
5991
1696
5978
7438
228
125
8935
7918
3354
1147
3889
7028
6396
577
546
9769
1528
2985
1289
1008
6944
3661
2353
9522
8471
3448
9573
459
5572
1161
6301
5733
6830
3637
4903
9869
2752
6597
7400
9594
1762
425
5312
9076
8671
3776
3486
9130
3536
4445
7830
7935
2857
1346
2232
2851
4349
3644
5691
7786
1150
3080
6684
8201
1253
3362
8151
6358
3199
6127
3120
2676
9624
6426
7958
5181
6122
1942
7516
7941
4065
9230
4012
1123
2517
7135
9411
9813
6184
2277
9258
6154
3473
3952
4460
9450
1136
6166
6343
1930
9756
2629
9459
3608
7360
6486
6088
8305
6824
332
6144
4309
6418
3614
6302
7371
1837
3925
2533
781
2350
5877
984
7130
3343
6270
3122
9007
2460
7060
2452
1391
6768
8314
1706
6750
3952
1738
1433
5006
1416
1663
3124
4397
3319
4411
2659
6037
7111
8887
2715
4478
7906
905
6008
8961
1162
1278
4776
5201
1570
3040
5720
5507
8806
6278
3802
5873
8826
12
2738
2237
2802
9323
4810
4543
4424
2494
7711
6470
334
7313
1528
721
7742
7908
4692
4636
7883
3438
3739
8533
3937
7865
8073
9691
7245
5589
7569
8155
6239
1234
7803
6660
8346
3089
5012
5880
6331
8826
414
7939
7027
8948
1478
5670
2204
8167
5909
2439
8455
7391
2648
7548
5414
9332
3040
5181
9334
8878
4438
671
2163
5327
8023
6446
4569
7333
2345
1453
5093
2983
4219
2071
6559
6827
8980
9566
5233
2849
2834
9005
7771
7422
1063
7197
6001
9053
7164
2722
9767
2423
9681
9391
3667
2615
5429
5585
4347
1741
87
5841
1218
4181
9742
7775
4969
8617
9841
6980
5002
4658
1240
4882
9114
9419
6567
9716
6098
4728
3921
8749
4757
8738
9134
672
809
6719
2229
693
6606
4520
8530
7275
7192
4797
9926
8682
285
455
7235
9554
7046
1980
283
2580
5105
5340
8373
7986
5274
4920
137
4066
8606
1663
8429
5252
1012
9956
2851
317
8525
8118
9832
2256
7476
6401
7707
3067
353
3280
2185
1247
9900
5543
5795
7135
1151
172
3426
1407
3515
6333
4903
5032
2781
3951
4722
4746
5955
1246
8480
6744
226
7430
5376
2675
1025
8275
6183
6289
3153
1677
6537
6079
3232
7557
6076
9159
1391
1397
5006
4266
4994
3587
990
7237
7483
7352
921
640
955
6506
4103
303
1977
516
5617
5434
6295
8442
1278
5719
9625
5213
8443
8372
8479
3372
185
404
7145
956
3835
6608
4327
1490
8764
1690
5720
5208
2417
5782
6852
1556
8048
6178
3885
1809
2441
4560
8750
7192
6907
8172
8988
2274
338
5500
1981
5624
8730
1810
7859
9705
1674
7601
5330
9818
2607
3495
9880
7535
6306
8379
4395
7512
4027
3710
8099
7834
4014
5830
876
3106
2644
9836
6568
6404
9415
3128
616
889
7159
4070
4555
4387
7434
1409
2284
587
9829
3036
803
8613
3125
8491
1126
8694
5671
8204
3499
5415
2138
3887
4686
1578
3889
8711
4112
5142
610
2959
9936
8830
1552
680
5774
7089
5772
5559
3691
7831
2082
9656
9353
7074
1077
7024
763
3023
3581
5239
2900
2391
2107
1860
6736
5849
4530
9532
2618
1359
2074
2975
4799
3848
6910
3501
6029
7205
8203
1810
8535
9874
9283
7843
491
8491
2760
7226
5090
4919
4860
7469
2749
829
5053
3483
5630
524
2112
1206
7654
7100
3159
187
2507
9236
7951
811
6747
5902
6694
9526
5042
4109
6023
5907
9846
462
4394
8678
8334
707
5158
3937
5316
2737
2807
7714
2028
7600
5503
6743
7177
9917
4888
5872
8438
3824
2393
7865
9719
3080
9777
1540
1938
4271
487
7163
2787
203
7552
3791
4057
6511
3212
1874
3400
8273
5249
5852
1165
4995
5058
5686
1863
1709
2939
3323
4181
1132
6752
9949
3049
6837
1144
2523
2212
214
5868
3615
5999
4633
3387
6799
4536
8662
7890
1011
7519
6465
162
1162
7848
7568
5289
9042
7921
62
3123
8090
8173
1023
4632
7939
9595
5431
757
9860
9373
186
4286
2135
1550
2961
9361
5254
2652
6589
7727
383
5611
8417
5587
987
3978
647
25
6719
2422
2081
9361
723
8833
3848
7511
6358
7923
1743
8448
7012
6212
5602
3199
3145
3466
1776
8474
4018
6269
8229
2970
7638
5231
3025
4674
1374
8549
6056
84
7449
1118
735
4163
2020
195
7100
8038
3929
5752
238
23
9387
6058
8322
4324
1799
6804
2634
992
1761
5125
7920
116
840
8248
5192
3036
4187
168
635
3436
1229
8762
3690
1606
769
44
4563
5821
6635
5900
6431
5867
2712
6543
428
5050
1666
9222
2146
8674
9949
211
6805
8957
2780
8040
6535
8604
6730
2056
7273
7869
4245
1936
4650
2816
3993
552
7966
5718
3274
4730
8848
2047
3898
5858
6494
2356
910
5055
4566
1504
4345
5662
5731
2116
7778
9195
8606
3980
3864
9562
8428
6155
6308
4368
7189
3942
9692
1409
1126
8630
3518
3103
3491
3912
4411
1513
8366
9225
970
1882
6878
6917
8999
3135
653
7091
994
9706
8595
1291
2630
174
2151
3717
783
4758
1099
6635
2088
5463
6604
4788
8465
9820
797
2203
6144
1599
2437
3562
7746
9602
6387
1526
2744
8700
527
799
231
5668
7553
9540
9362
6024
619
8795
7023
7099
1218
1029
9372
6850
4857
9550
3701
7569
5104
1651
9780
8545
9420
9607
5278
2006
801
5354
8187
2220
7718
6608
246
8478
1096
4463
9311
8904
1150
5112
5301
3496
8774
1219
3943
1632
5882
1687
4853
1378
6614
2083
5666
5379
6624
1854
1927
848
825
8563
3207
9238
896
3889
9552
4528
2627
879
8763
7770
9740
7036
4238
9495
5219
3239
5159
930
3371
4174
5647
9556
5854
2027
7182
4489
2732
1469
9058
2418
5245
678
4948
5362
437
49
9726
7407
9039
7547
9656
8755
7077
7255
737
1899
8571
5538
4573
6560
1361
7486
8465
7142
640
4809
6605
8882
5073
5197
2222
6615
8518
2319
6312
3148
6326
5074
7218
2592
8935
4517
6703
7679
7075
6933
2416
9094
2248
1963
3683
9165
3382
5384
7399
1856
5540
7166
3486
5942
9400
6791
4835
8516
860
9428
4953
1488
8553
8572
7654
4654
3339
2984
7007
5056
7894
8382
2538
3869
6408
7235
4175
8855
4111
3206
3813
2539
3836
342
5514
3691
2163
915
4363
2453
830
9998
4775
7491
17
9314
2646
6947
8909
7644
2183
3607
5469
229
7441
8740
1787
4927
667
8336
3520
8663
4394
108
1988
3695
1884
9551
5287
9569
1002
8582
423
3304
9919
870
1925
7270
9098
3809
3647
1543
2978
8267
9533
5076
6473
3771
6035
7945
5949
8548
3525
5126
1712
999
6598
798
9170
1599
3446
1003
8859
1956
2656
1627
1264
827
1693
8158
1009
5260
5116
3433
6386
8698
2144
9671
4422
6899
2557
1502
8736
6801
7141
7415
7274
3114
3867
8048
9694
2332
3837
1131
9636
4098
1656
4484
5418
5435
3345
477
3785
4196
1153
7627
5269
4295
8708
7573
6448
6751
1847
8604
3903
7404
128
95
7085
4269
1568
5761
2391
4922
8457
7447
8809
7073
5244
5358
6213
3528
415
5054
1042
6092
3076
6350
481
1698
1509
4318
5513
7971
5331
8019
5236
4809
5143
8266
9699
3144
3498
1783
6182
1979
8881
5444
4309
59
32
928
8697
9078
1346
7084
3913
1193
1406
4593
5477
4803
5728
5084
2315
9040
1698
4764
670
9235
8391
850
6781
2725
6448
7590
5842
6810
3532
7527
7709
8421
9001
2792
5630
8090
7391
666
2858
9214
4070
7468
3443
7267
7974
4857
7720
2599
5745
3079
40
4812
8774
6387
6160
6256
9664
6893
369
7179
7459
4432
7900
5282
1594
1699
6481
7976
3015
5850
1964
6539
7123
61
6906
7523
7307
1100
7690
8272
9710
1905
5319
210
9542
1323
7387
5682
6811
6739
3852
1565
4613
9137
7273
5596
6305
4280
8915
9448
8793
8178
5760
5914
7953
9782
9862
6288
8764
8914
717
7987
7112
2866
3366
1777
2446
801
9792
2603
432
1119
8844
7923
2623
3285
405
2720
5764
2270
2794
897
6811
718
8517
8648
1001
1225
2386
6572
9381
8709
7757
3798
9089
745
1168
9172
4383
1954
3038
1711
8915
7065
2226
4945
67
6093
5237
7488
4324
4244
6667
5284
8566
8614
6056
9309
5969
3516
7758
6188
6726
6366
4657
8209
3234
6462
3585
3499
6552
9696
183
6749
5955
3262
3580
5818
6255
5773
6757
9777
8154
9839
6767
9518
5369
6122
57
2922
8533
170
2079
2761
9916
5905
7089
6994
4936
2555
3594
7945
6098
5008
3232
8948
2514
1142
6055
4485
3496
3447
3179
2589
7821
6487
8502
6345
1242
6150
4865
4665
3559
1441
6390
1240
3147
4653
7983
4521
1214
1156
5035
912
270
5738
1193
7981
1290
8495
9741
4402
1879
9559
4630
8616
3382
8640
451
8732
8319
2303
6794
2066
815
9179
1293
3907
1721
905
7455
1574
7059
4471
7852
1653
3065
9883
640
5407
3672
5570
7533
9802
6548
2799
4325
9314
1971
9503
860
6751
4750
3420
5937
9702
3180
4183
4070
2885
567
4095
5244
5676
4269
7759
5837
8405
4383
1385
8760
619
9210
3678
3501
9453
7473
1510
2256
6476
7884
5257
6632
6964
5096
620
470
6395
7363
6051
8300
5149
5267
7457
5636
3908
2787
4807
6878
9026
1673
8422
8921
9293
7573
6294
3762
2915
1732
7611
1367
6303
5172
1792
4824
4309
3234
6838
3460
4909
7111
5538
5978
37
5584
3197
4905
8235
4542
5915
5701
4130
4088
4197
8717
4332
3015
2666
9849
9304
8280
3009
6239
5979
2724
3934
6639
6482
7753
8866
2173
4150
8925
9408
2139
9257
1488
154
1235
3326
9782
8367
9111
2718
9132
230
533
9316
1337
3912
4575
8550
5229
8518
4271
2741
1858
7173
3924
826
9859
1901
9876
3858
271
7786
1971
9400
1676
3968
7160
6879
5916
9415
3743
317
1810
2150
4600
4448
9348
1627
408
5155
9621
5272
9362
5450
6408
1892
8160
3710
3772
6576
150
1811
292
4013
438
6947
4604
9748
4489
2439
8849
1756
6299
9615
6283
7984
4547
5000
6831
8986
337
4457
9705
8642
8092
8668
5311
95
1959
2421
9629
8508
3691
3515
3025
6999
4396
5780
2007
7232
1744
4723
6824
1508
6297
3589
12
8949
5465
2266
1002
4349
1244
1386
9711
4654
8405
9224
7697
4637
3055
9541
8880
339
7620
4407
3109
6078
7218
7191
4928
8460
4085
7444
6754
8694
1314
1150
415
2743
4457
7000
3478
7361
9769
1724
7125
8901
788
5291
475
950
801
9838
2194
6273
7289
4550
4003
8359
5906
2394
2242
7936
5748
3628
3064
214
4727
5269
4011
9337
3699
5372
9736
7558
681
5867
2467
7965
1955
7957
8420
1275
5164
9648
9857
9118
586
5830
8694
8579
713
7533
1681
5295
4970
8442
9029
5330
5963
3617
8074
9265
5995
7410
1077
5470
7749
5084
1562
3327
1028
5297
6765
1385
8214
8758
4669
9830
4744
1656
2911
1463
7266
1189
3359
470
1428
4513
609
3637
3238
1696
4786
4414
2833
7949
9089
6225
7110
274
322
7785
8217
8945
6283
9822
8125
4797
7351
9552
5646
9150
841
6568
1178
4397
5801
1354
6163
9749
2792
5551
8805
8478
7880
1317
4942
79
2609
5651
3135
3232
2013
4373
6007
3167
883
9616
5663
112
4441
4154
9632
3855
3339
5644
5173
3148
4463
3973
4019
7666
8424
5277
6692
4536
1796
6942
5350
1089
7187
8882
6804
400
7038
7771
2831
6432
7687
2521
3183
1160
8694
1277
7807
6922
8641
2485
8702
3405
2760
5144
8568
206
9554
6297
2956
2681
3332
6986
4940
919
7051
1460
6570
9135
5208
8229
9260
5485
9629
5738
6126
391
1984
9870
2846
4814
5579
5279
63
8606
5594
7649
9548
3061
1271
9343
8416
1097
5789
6664
505
3105
9563
2936
1731
6465
518
7974
6680
1921
536
1149
7005
630
705
2234
8299
1502
9290
1470
1020
9683
5374
7894
2789
3495
8037
2875
3908
8972
5627
3997
5308
8225
2190
2979
8298
348
8426
133
8473
1255
2715
7040
1909
1964
3670
8563
403
3158
9435
5101
3925
7561
546
6079
2648
666
2529
6063
8020
4638
1614
5611
2133
9848
1962
9975
7364
3433
5621
147
3703
4493
7049
2334
9489
1128
2513
3984
2384
5359
904
6677
1331
8179
6615
8863
6939
8450
6978
4265
7340
6202
6472
5019
8848
2980
7436
2134
5975
9321
2306
9685
3294
2209
5575
3317
2457
3385
4585
8097
1265
2779
7035
5513
8115
9989
9674
4532
4366
758
7003
7002
9202
4684
1035
3419
6459
5014
3158
1089
497
1322
6968
3062
8713
1112
6579
2866
1578
6918
8362
7017
7171
1389
5327
4588
6100
3973
2425
660
4453
9367
7951
8441
6927
9648
893
2981
9666
9172
6630
8004
2484
3717
3659
6157
3149
3122
2179
2180
2167
9708
1337
7919
5141
3152
5646
7899
1168
6152
2710
4280
9978
4234
3735
369
7569
7339
5545
2640
9919
458
7767
2175
7052
5516
1763
7823
5200
6941
8417
5008
3077
8923
428
6070
9428
3223
948
318
2882
2592
4528
4547
1903
6323
8173
7677
2158
1318
49
6385
977
4103
864
2134
3744
6720
8281
3808
5050
2125
7845
4374
8200
2799
4871
4379
310
9645
484
9940
6607
6916
1572
7907
6805
2925
8822
6332
8444
5595
9173
4053
6962
6511
9057
9253
9899
7079
2599
3171
3153
5656
4611
1810
457
5031
1628
5433
3394
5546
5514
2939
8126
316
3242
5760
6808
5482
3320
3862
6143
267
4046
4616
2920
8706
1286
3848
6525
7352
3766
7196
1412
1016
2052
9083
8294
1649
3282
6040
1425
3835
7526
922
761
4058
3181
4627
2017
9907
8221
2330
4680
9649
1305
1978
7872
2284
1759
3780
6662
3067
272
807
6865
9757
2775
2422
4675
412
8437
4267
8592
4402
8939
782
4991
4498
292
8815
5448
9409
336
3814
3431
2910
4749
3257
374
7855
1916
5562
6259
781
2318
6488
7863
5574
1252
9248
8577
2686
4624
8987
7332
3814
6325
7051
573
584
2269
5588
456
9814
567
8385
4471
7211
9488
9587
6572
5990
4887
7960
7535
6840
6596
696
2752
878
8902
7405
8983
7832
3696
1913
7641
7513
6117
6755
1160
3874
1622
2826
674
7387
250
4589
7816
3333
8593
9400
763
674
2459
8097
4854
8637
3562
2777
1056
5869
1684
6880
1377
88
9729
2145
8877
4511
2823
6765
1417
1037
4197
9196
2439
9153
9986
2418
9168
3819
2247
4220
8445
5248
4540
56
3091
8374
7213
6383
7160
105
179
4044
6738
7958
9426
3207
4069
4588
9737
3654
6647
8872
208
6813
9726
5722
984
8796
157
3605
9395
6958
1878
857
1117
5987
8505
9321
7360
3389
6485
6577
2184
8369
3037
6094
5012
2589
6722
7994
2158
6048
4904
1811
7759
6415
1577
6611
8901
5554
1089
3154
1897
2694
8140
7401
6724
9705
2102
4575
4406
306
4179
8282
7795
1662
9223
9680
9640
3789
125
7638
3094
9478
1616
1931
8871
5017
2038
8063
171
9910
6185
4093
1172
1979
9681
6976
7401
2798
5509
8322
6620
7201
6292
7291
6998
9795
1727
1318
5289
855
9157
3792
1484
3738
6702
1464
8005
6089
2584
3372
852
7444
1330
7347
7355
6616
7385
9826
159
3228
9341
9593
9913
9108
3460
6329
9757
6931
3450
415
3160
5421
4593
1284
2902
2736
4191
7808
3088
2212
7057
5707
7959
7581
4315
3773
945
7959
6121
2791
4943
6436
4073
8526
111
9949
7085
2836
8599
2249
5257
5063
6586
6255
9912
9200
2777
6846
4343
1031
9043
251
9091
3430
3305
1568
7582
7296
6953
7698
2804
250
9092
8945
3404
5128
7736
8948
8019
5552
3703
9182
9977
6427
6423
1294
602
3075
2104
7765
8266
3891
3807
9016
2051
7920
9834
2952
3465
541
1558
1153
6948
7570
4309
4462
132
529
5274
9545
7745
3578
490
7137
8888
5629
8955
2189
5969
9596
5653
5863
5037
4335
6861
9434
1458
3898
464
557
1939
2974
1250
3064
3726
7055
6113
2485
4517
749
6958
815
2058
7955
9710
5725
721
3134
6295
1344
3441
3797
2688
39
1320
517
255
7207
9925
2243
9423
3965
860
1529
4488
5886
9523
6393
5813
9403
5156
2952
1035
1384
7245
5737
28
1494
3146
630
9283
1456
5376
8753
176
75
3485
8300
2132
7986
4587
5321
6086
1495
8713
3748
5845
571
9997
9600
4962
2101
2348
4206
4551
5842
8772
6556
3113
7153
6770
5421
2888
7561
8369
7785
8500
1485
2230
1276
2756
5032
7032
4804
1314
679
9852
3413
2660
9869
632
471
2327
4064
3967
2748
618
3662
2458
1702
1227
3302
1631
7304
4107
1569
5057
9149
9672
2874
9694
3265
3032
9382
5734
1992
6290
1242
2247
8684
4188
4113
9796
8525
3346
3980
3826
1739
8193
615
8163
5693
7311
2660
6193
7957
2367
9307
8429
3240
8050
5790
9082
3331
5539
2520
983
636
3861
580
7728
2731
3254
9511
4297
7455
2096
6843
2550
5523
4355
2684
5968
344
7576
6795
8837
2824
2424
63
8627
2283
3544
7074
6782
3292
8048
1536
2320
2262
2373
1740
4726
6867
396
8938
7442
6070
5751
7557
944
8391
9077
2486
4854
1343
6585
5351
1857
5502
9766
8623
2261
2535
7334
3719
6985
7726
9554
6798
8464
3987
2006
3894
3521
6189
522
5227
9590
1750
1548
7040
5863
5839
2504
8180
3887
7323
4848
7776
7955
4618
8508
9814
4205
8982
80
219
8800
6485
8794
2113
9748
8851
3619
5325
3987
7707
2059
6961
1213
6384
6251
827
8580
8325
4725
4890
5899
1432
8906
7554
9234
3222
1799
5545
1913
2534
2638
8426
5881
9702
5281
7398
3047
8630
81
8899
5830
981
8601
6758
8446
4827
8109
173
5655
7533
8054
8615
3667
5406
3917
8930
8694
670
4717
4346
2222
9722
9269
9899
8538
5299
2822
3842
9211
9164
115
45
1339
1256
3062
2073
1152
5838
1324
5658
2304
5131
1800
2651
8598
6145
8749
6138
4221
7004
9673
3414
657
4899
3355
763
8360
9003
5547
1574
2999
8177
4629
7237
624
5095
4323
8477
3472
5535
3012
3289
8272
4029
9545
6503
1909
4778
3565
5132
5087
9843
4308
3147
3239
4933
5612
9059
5337
6851
6434
9829
5507
5601
5561
4968
9367
8517
6388
5457
6885
3338
2664
3104
6195
2141
8919
7301
8307
8243
9910
7816
943
3763
1899
4191
794
6407
4799
4599
7473
198
8334
9612
9100
6395
7212
9229
9060
7628
28
4704
5764
416
4113
276
2475
8646
3875
3718
2176
3353
3300
8766
3309
2185
4251
6978
5756
5314
935
1316
2908
3234
7495
8869
4848
5870
85
5493
9751
1759
6936
900
5431
636
9993
8715
647
2743
9465
2385
6253
3372
8310
4466
9574
1758
7107
3768
1476
9258
1011
2125
4539
2986
9592
145
2452
7512
7224
9186
5292
9099
6377
5018
2717
4012
8704
7175
7249
4915
9114
6808
2811
7087
6163
5032
9485
9244
8040
3189
4026
2147
7201
6267
7138
1832
8247
759
2679
3301
3051
8670
1076
4830
4334
103
9014
2646
3873
7852
189
689
4399
8782
7344
379
4815
8440
4145
904
6858
7280
6511
1392
7578
9173
6967
2510
6056
5462
2292
6536
4705
719
4286
1761
5164
9571
5837
9184
6320
7494
9617
6892
7320
2308
4743
294
1545
7259
7504
4381
8504
1029
5867
7606
9324
4806
3904
5628
8118
1609
1483
7155
5878
8502
6641
3466
5746
7996
2876
7754
8519
999
1292
414
5076
10
7983
1620
8043
7875
356
3085
8454
4419
2178
6799
4443
524
6058
9672
8054
6822
3805
9561
3153
2057
9634
9914
2130
4400
8556
7420
1559
7521
2453
9466
7344
2050
9302
5953
7997
2223
6833
3080
622
6962
475
5075
7978
4430
6889
3520
6538
9157
8601
2941
4845
1269
2279
5608
8691
8048
3090
8128
4610
9075
185
7341
6051
7544
3881
3275
7181
2010
3394
2466
7754
4746
5043
5831
8718
5225
4827
1445
2319
9769
5937
4087
2336
1353
1359
217
9775
6737
4041
9151
6887
1635
2292
8674
7651
8479
6031
6023
6044
5451
327
3265
4334
9973
6234
9454
2414
4560
5391
631
5750
8079
4037
2724
3911
830
4164
1711
3852
7584
4373
37
2107
8745
664
8201
7899
6125
7869
5663
4796
6493
5737
5805
1983
3003
9765
5516
7494
1895
5808
1181
4807
9440
9207
9326
1103
2003
3738
1998
168
324
3011
4059
5457
7618
7146
2016
9127
9959
502
1758
996
6542
2044
5606
7356
6889
8533
7476
3271
1847
2134
8625
3623
5303
8275
5443
7522
3942
6623
5058
7890
3093
7896
4158
3057
7738
1908
1338
20
9074
7708
3548
9644
8697
4974
2764
2548
4425
6913
9870
658
4045
8870
8931
3504
5882
3518
6518
200
7954
3105
7574
7762
726
1544
1393
3918
1969
4313
8762
7891
6096
2121
4015
5762
4473
5055
3837
7989
7682
7574
8017
5384
5486
1085
6014
6462
5321
93
7216
3424
5570
9953
2072
6253
5542
9099
5889
4412
152
6289
7028
3458
3603
3907
6458
9489
3033
1613
6227
7848
54
778
210
3701
5384
9031
1749
1239
9361
5972
9240
5079
9017
5670
2553
2206
641
8894
282
5228
5215
8194
271
8114
3040
1949
3568
3662
2915
9260
5067
7932
792
6190
2413
604
2530
5265
8476
1826
5502
4370
1660
5481
4201
8231
2629
5993
5689
5504
5666
840
1772
7188
7788
3709
6132
7530
8995
3910
6260
6896
2606
6087
2051
7184
5464
535
5136
4266
4013
8499
5675
8680
3725
8715
6183
5329
6155
1159
5214
5303
44
1467
7227
8100
296
4822
8803
509
1424
1237
5544
9196
92
5097
8430
7650
4766
605
3201
4559
9165
1335
1403
9904
198
6479
7156
7123
370
8578
9395
4523
9270
7536
5380
6800
8690
3537
7594
8010
1146
7115
2800
610
2158
8087
9009
1301
2487
6300
3351
3325
7732
6242
1470
6579
9168
4413
6929
1476
1523
3099
7351
9810
501
6647
2528
6067
5304
6717
8572
5599
9130
1067
1353
1853
3707
6420
1895
3478
2259
9699
6203
3531
9022
3484
2084
7220
2377
945
5900
1704
3014
2700
2937
1278
8141
3035
6069
3957
7671
5783
8754
966
8597
757
47
8900
9295
101
1262
5459
6372
183
6215
3540
2859
8705
9547
5239
8041
8624
538
6817
6030
137
3029
8068
2292
9531
5606
4672
4783
8985
18
107
9089
4578
9969
4484
5019
674
6888
1262
5473
7649
4036
9236
7092
6457
5418
6386
6173
7959
1358
4264
2672
7094
8320
6405
9695
2026
6553
1931
5850
6181
5520
6007
3045
6739
3684
2082
2898
6624
6203
6958
762
8224
1367
8641
7605
6222
4179
8676
6405
3756
3405
5180
1598
832
6608
154
7183
6437
6232
4838
1558
6109
8611
9821
4872
4857
6958
2420
7760
1279
8822
2469
8692
2477
8306
9033
830
940
3404
4824
8311
3961
9227
2124
6154
3344
8589
3874
7628
8164
2483
6252
7835
6166
4253
4553
2514
36
2992
2455
6628
3207
3592
5882
8163
6133
3209
6568
8752
8032
6422
7171
4226
989
4355
9331
5008
3000
6147
8380
8383
4058
4765
3655
2102
4682
2934
1243
1529
9465
9144
6881
600
9119
8133
253
221
3284
5037
8396
6421
2929
7483
5123
4572
5570
5285
5447
5288
8702
3144
8796
2237
6880
7757
2520
2040
5692
7083
7642
1659
1499
6164
2113
9240
9268
873
2913
256
2102
8217
7282
1963
5094
9427
5075
5681
3083
9951
8783
8212
6529
8713
5111
854
2268
7468
2184
6847
6219
9989
9401
5904
3249
9917
2789
7457
5351
5596
7275
2696
3054
9988
8727
9087
6548
3845
2850
110
2394
709
5050
7229
8894
3048
5238
727
8197
9834
4213
997
6042
7217
3745
2089
671
5617
759
4895
906
8480
7140
8209
9614
259
581
2097
2898
3751
8624
9475
7195
9810
7611
8647
6188
5696
571
1622
6941
1823
3276
500
9973
519
5661
6944
1153
4550
6580
7813
4218
7637
3507
3398
1475
3961
5169
3400
6859
8744
4364
9761
9841
7383
219
4772
937
6345
4037
7525
9540
5043
508
1664
2636
4257
6576
2671
8603
3306
3514
3472
3712
5155
3874
2994
261
5901
3907
3519
4281
2675
3754
9153
7689
1911
2265
9544
4446
8118
659
93
2758
1839
9383
2352
5740
4312
5541
6017
1034
5507
4017
7022
5862
1642
4050
4562
7744
8114
4420
3598
2673
3812
4629
8355
1935
3212
6520
6666
5952
3366
608
4595
8550
3901
4084
5743
7853
9508
2909
9847
658
6034
8735
882
5583
3261
2459
5692
6552
9722
164
416
2233
7509
3909
3412
8950
7914
9379
245
4275
1952
4762
8366
6022
3366
368
6592
6680
5519
6521
7218
6469
7758
8001
6628
9138
1275
6947
3697
3385
9277
2542
3894
9367
1369
5025
1034
4123
7436
3609
7924
1971
2049
2761
1747
5896
6421
8940
9990
3835
1292
386
7946
9333
766
5824
9377
9533
4088
4087
7812
4727
9628
5527
7106
2717
2912
7857
6414
8195
8466
3587
6514
1974
3427
3565
1539
7471
9409
1320
2622
2122
7962
5860
7685
9573
4091
6387
4673
4424
1785
990
3889
5058
5261
2776
8789
1689
9738
1160
3557
6095
5940
3049
136
6756
3246
8511
6949
8087
7429
8210
6529
5304
264
5331
9495
7064
9941
3040
7868
6508
3173
9607
1599
7570
2163
7255
8352
7476
2197
7502
8096
8285
8518
5332
848
9970
4345
6867
8032
5089
5440
366
5365
383
452
8401
7913
3810
426
9793
6011
6434
5323
3539
4121
7374
170
3353
3386
6581
8553
686
2619
4589
6567
6120
1785
607
6037
3891
6644
286
1869
1966
3160
2373
4716
564
5532
9043
6786
5313
2232
8195
5608
7341
349
7220
7822
1506
9675
6847
2650
5694
4487
540
2635
8684
2791
9640
7393
1389
9887
6919
4709
6482
5579
1575
2096
4391
2063
6802
1122
9414
2622
7033
6250
8330
9581
5705
9717
5309
3702
5980
4079
1108
6159
6209
4433
1632
8554
9178
3042
766
6058
9121
124
5042
3679
3357
5898
3211
5919
6028
625
2055
5627
9837
1355
893
8722
7987
6363
1145
7665
2575
840
4046
8015
7551
310
9148
9244
4117
1453
8590
3092
3878
3556
7308
171
423
7613
7291
8277
3147
4299
4833
3922
8045
6455
3290
1978
8999
6534
295
6981
9639
4516
7596
3675
235
7235
3738
3643
6287
5735
4643
9515
5496
3323
4838
8182
7591
3328
2519
9656
7159
2196
4976
8805
3044
554
6965
3053
9160
2120
3562
297
623
7930
743
7825
5989
1275
1475
4782
1105
6919
2480
7887
2563
6728
6959
2510
9071
2646
1586
8988
7227
7140
1837
7077
4070
663
8348
9850
2591
5484
8390
2003
7938
5318
802
6536
1434
569
9743
8078
6727
9756
2485
750
7408
8657
9135
3387
8236
101
7666
5190
2765
8959
5892
425
8608
8843
3166
1663
7823
9315
8480
7238
3988
4991
8353
89
9422
815
7481
1965
5694
1005
7428
9077
8071
2686
3837
2736
9900
9073
600
1236
6023
1212
227
7314
5294
1748
3248
8881
1015
8978
5913
9401
4691
4502
4667
8294
2877
3239
7924
1028
9084
223
522
3217
2757
4686
3910
2935
5094
8206
5576
730
7180
414
4539
7363
9313
2664
5829
5177
1664
7372
5768
163
5509
8314
1644
8316
1126
5080
3852
1645
3166
3060
5979
6346
6807
8921
8445
8075
8338
321
4310
6978
1927
7772
1628
8237
301
6049
5361
2212
818
2280
3239
1972
9967
7963
4239
4995
8747
2567
5334
112
8544
7044
2067
409
2156
6659
1146
7715
7422
3836
8729
4559
1557
3407
6389
5026
2747
4578
7817
6829
1791
6226
3257
3068
684
4726
5396
3670
6897
6397
9965
3287
1814
9880
6666
4571
9299
7266
1199
3151
5674
6678
7153
3400
5553
3086
7309
2135
8889
8679
7500
752
3373
8825
2607
4989
2895
4784
3479
5497
7155
9714
5620
1716
9709
231
5325
6163
1749
1820
6643
6167
6742
2701
2975
5345
6677
7447
457
7664
4118
8577
6344
2781
5544
1639
4548
2581
478
6894
2208
5277
7861
8584
5690
5276
5752
1020
1819
4130
3006
9207
238
299
1867
604
5845
3232
8553
3734
5985
297
4878
8836
5728
3493
7687
5530
5934
6512
4480
2549
3081
1774
2950
4981
6834
1303
9406
5211
1206
4977
6018
4726
7835
4597
9657
5342
5348
2458
5762
18
7117
8684
9063
5397
778
2433
9304
513
6829
8276
4140
8647
317
541
3292
2259
9213
5232
7726
4107
5382
1218
5139
1195
9242
9878
8364
2048
7189
5058
6425
1930
1641
3326
8924
5122
7176
7819
3222
8108
2629
7705
417
2657
8278
9238
532
3133
9245
3726
9505
8138
1140
2322
598
2553
1599
7493
659
2442
1874
6276
7292
1889
5912
961
6462
7832
463
8734
1311
6198
8682
2981
2013
283
1407
5457
3422
157
4840
319
1929
153
723
8159
5462
9963
5240
581
908
3754
5890
3632
1329
830
1336
1447
1334
849
7850
9823
2697
6378
7404
3143
3900
5633
6657
7043
6666
8704
3152
3542
9725
1210
4885
4951
5093
416
2067
7832
4945
136
5388
8502
7810
2430
3370
7150
1250
6041
2522
8496
4471
3809
7901
3098
8345
3882
8423
4919
2251
2440
816
7563
6812
8867
8445
3717
9116
7834
6421
9748
2351
6580
2365
185
4898
9843
3016
4824
4876
9356
447
4617
4908
9576
8087
1129
8436
6442
5974
8403
3292
1310
6697
5322
451
7975
8345
1219
5880
6675
8444
7399
1227
5330
3345
2476
4741
4922
814
10000
7231
2868
9679
2707
9174
5537
9302
8909
4106
8622
3383
3037
363
2008
7132
4161
7897
3966
4204
3411
9422
8034
9953
3684
5470
4805
559
2741
1051
9950
3334
3869
7591
9317
2167
6642
7540
1675
3433
4005
659
9800
1961
903
340
965
3676
3965
5546
8648
1378
1386
8929
8251
2811
7092
4547
1008
5630
3487
9201
1870
2175
2667
9887
9149
8063
6844
6100
5959
2533
4892
9795
6085
5188
3449
7737
9817
3343
7792
590
8490
6514
9824
701
8
9791
7962
5774
1446
5753
6432
8805
9010
5454
9559
5608
58
2525
9985
9976
6689
939
8461
3139
5487
6145
6810
8542
3392
1353
5010
5162
5421
5610
7937
2614
5938
7948
7240
9087
1545
2376
9083
8811
315
1804
9024
9196
9026
5026
1182
9037
7356
9892
31
8259
5577
7441
9631
6558
184
6375
6932
2992
114
4568
2919
1082
4726
4488
7743
4321
3566
2382
3805
5087
7075
6866
3742
5953
6866
1162
8692
6110
3990
4656
5856
7199
3659
3654
3387
2241
5334
8271
4950
8552
7779
2250
5891
522
9714
5137
7915
984
8023
1771
9390
509
7150
2285
3975
2438
5261
6955
1111
7693
5020
4136
8133
7499
9434
6252
5210
4034
6106
8342
1169
8712
6458
6041
351
5315
3
5012
8088
530
7593
1842
5137
7548
1703
7202
9455
9366
6305
5661
7073
7165
3620
3000
2520
5723
163
1034
3207
2210
9867
2068
1543
6885
7808
9897
3116
4270
4057
1984
9241
1140
3539
7874
7417
3362
4427
2248
3767
7013
4546
7080
7446
504
2570
6294
8135
3485
8339
8055
4282
5204
4568
4356
1509
9682
402
4910
7775
7585
5807
2555
4264
4992
4624
306
8749
7377
3271
6043
1235
3110
1525
9358
25
4497
1603
6565
75
5973
1846
4061
4461
8458
1716
7283
4123
6058
5511
2358
636
6314
3253
221
1710
8038
8522
8424
9372
1380
4673
4182
6304
3250
2818
3294
6738
7452
7262
3478
4419
2972
6632
7420
1714
5752
1859
339
694
8965
5400
9265
9167
4324
9571
6347
2064
2281
5744
6536
1316
2106
284
737
5430
3784
7576
9151
3335
2414
5256
5936
5742
2396
1869
5552
1275
3047
2562
3175
3916
9505
4118
6457
2951
2763
6712
3529
6494
549
6042
2658
4975
6326
6202
2245
1459
7223
569
5957
1591
2874
5305
6699
7124
6306
7624
4863
3466
4821
8883
840
3510
3573
788
9119
7127
7022
1508
1469
8117
3770
7337
9693
8181
8433
4693
4207
514
137
6722
3318
3999
986
8505
9502
2658
9441
5021
3176
4020
2904
6357
1533
4351
1014
5400
9849
8343
6193
4277
5341
5755
749
7124
9117
7772
532
8428
78
1383
3558
8160
5717
971
8276
7170
8677
2462
242
8909
4662
6900
7821
6469
6841
7106
7272
7100
4221
3199
5041
9924
6664
199
443
6397
7155
3668
5027
7203
2765
7398
5878
3750
9327
531
8858
7194
1268
185
4373
3028
7273
9626
2628
4638
4487
1370
7538
4981
8833
9194
8457
1543
6663
2962
6733
6059
3465
5442
9708
7175
8618
823
8251
1135
1315
518
5145
2902
1654
3023
753
7675
2669
1092
9249
689
3572
1299
3403
1378
1871
8178
8428
6525
2149
7546
5704
5841
2322
1392
5342
2586
3926
9740
2492
1285
1648
3278
6062
4402
8666
4223
77
9870
8657
1892
7312
1837
2323
3745
2007
7652
6162
2294
3498
5160
3880
3197
5420
5719
6295
114
5756
9992
3911
7431
1478
5530
7402
2863
7760
7438
5207
8096
5844
6020
4118
7143
5493
8164
8329
8892
7689
2488
4731
2428
727
1737
7432
1168
8195
9825
2435
4574
431
4995
4220
4264
2049
5104
9567
4730
6830
5748
370
7524
7881
7088
6438
1803
5348
597
1294
3388
6139
2681
8859
9155
162
8154
6571
3475
5374
2868
948
8679
9584
1466
4922
2078
408
3187
2351
7935
6010
5913
4059
3975
8367
6259
1443
8497
7652
1384
8276
5984
1047
6429
8637
6189
1790
15
9118
4161
4603
9049
6385
6352
1759
3278
7001
1066
20
9444
4995
9833
2406
4712
4107
5
361
9103
5828
7838
1241
7078
1432
5663
3256
9126
6025
6326
5011
5236
5322
3052
9610
3475
1320
3102
3915
8532
1349
9164
2014
7068
6068
3276
8198
8977
5894
4274
8827
6244
2090
1248
4344
4012
8266
2282
2406
1648
411
9894
592
5151
8726
2018
2476
6077
2529
96
4013
6287
264
3930
8085
2319
285
6305
3859
7942
4469
9055
4157
8523
5956
6284
8424
6277
4365
9699
1094
1149
6659
5700
5135
8113
9539
3736
8412
8026
9677
733
6103
5786
1438
6934
5889
6566
7806
4354
3862
8104
9167
241
8200
4669
6323
4455
4517
6204
8650
1416
1514
4349
5675
4478
8040
5597
501
2943
3034
646
6495
9715
7915
8190
4456
640
6949
829
6044
4942
4896
568
729
9857
2784
1458
7681
1548
2069
7337
1121
8704
4616
3328
7460
4833
964
805
5257
204
2140
6835
4467
4621
943
800
9789
7790
7053
2818
3975
4875
6580
908
919
1068
744
6387
5047
452
269
9916
3092
1249
1752
3812
6665
1693
9789
9767
9224
8163
3983
4978
9005
9977
3037
3789
288
3291
9155
6475
8942
9937
4673
1514
4647
5692
9446
2833
1401
6474
1897
8857
9948
276
8826
5968
650
7251
9081
4950
2958
312
4047
5362
8135
3829
3486
9431
5177
8599
8773
4015
5959
7095
6789
6453
4585
4205
6812
7722
7611
5166
9652
4222
6377
4191
2947
7696
39
4418
9055
1356
8027
2242
2325
9094
3678
6816
610
3828
6548
8604
1893
469
9525
9189
608
8813
8289
8255
9847
1697
4870
2646
4997
4209
4124
6713
1577
417
1778
2766
5036
5127
5377
5408
3090
9518
4931
3740
1848
1137
8356
1012
5368
721
7924
2134
4593
566
7814
5670
5662
1780
9626
8423
9490
621
2227
7511
4185
7363
4692
6976
9423
4649
6205
3388
7174
6127
4848
7644
6341
304
7912
8236
9816
9051
34
4615
1196
4915
1837
7967
5004
6541
1010
712
8630
6849
9769
5333
6391
4372
7538
7787
6153
4158
5322
643
6740
983
8724
6377
26
4287
9878
1772
5025
1177
4633
286
2577
1151
274
365
8274
3763
775
4265
8188
8351
1114
3649
6624
3179
9569
5441
7663
9837
7029
3775
2564
7631
5375
1669
3220
1786
2760
9094
7851
8795
2207
2465
8816
2004
1400
4290
4060
606
5720
687
3049
5629
3658
8779
5264
7201
3581
5633
4352
8427
3479
5287
3800
2517
819
708
709
1473
7902
3029
2614
6620
9256
1333
8621
3499
1468
2388
158
6279
2627
1260
8547
9706
8069
530
6303
9835
1477
7954
6543
8326
5555
9846
266
8899
4458
203
4336
8720
983
3648
4009
1927
5101
3632
2549
7307
6829
6034
7097
7198
5690
2269
4307
108
1033
5334
1483
5245
2323
6844
8950
3192
6230
3038
7211
3270
7761
2965
8090
4826
6009
2648
2496
6593
1188
4859
8711
5603
8547
5343
4167
4659
6449
2818
576
5340
497
1875
6958
1655
2899
5034
7638
8050
6443
2631
2597
4270
5446
6974
5690
8747
1804
241
2204
1637
2899
3967
989
8411
9526
1675
7945
4999
6218
5155
7071
5867
3416
9234
2436
7139
762
9496
9485
7893
3463
2335
6870
4100
9157
6954
678
1324
1010
4530
1335
4259
3855
559
9749
3467
4121
2653
3315
2266
1019
7497
4305
9590
5992
7514
2834
7912
9801
9891
4147
8786
1762
8058
5236
2444
3651
8443
9004
2013
1579
3404
5059
7386
2725
4589
5052
8569
262
9664
6999
3380
9013
9347
7434
9823
6422
981
2427
9120
8291
9514
8519
1470
6383
6672
2439
2880
5479
4367
4114
8109
765
8915
917
1709
2530
8555
2370
6425
4072
7876
3581
5806
435
9322
2593
5777
143
3697
1498
8135
9453
8740
3701
7465
8809
7267
33
1797
4164
4111
4538
6481
1621
4168
6722
226
2454
2199
795
2017
6985
8741
4031
7714
19
5470
5730
5535
7571
7655
5487
341
4507
978
4456
7674
5330
4912
6159
9813
5885
5093
3979
7795
1990
2702
956
5281
2145
9705
3753
2445
5367
5013
6729
647
1934
8095
3949
1529
4352
3411
6646
7428
8233
1111
1179
3484
7917
6917
7822
5689
9661
6834
3900
3247
6004
376
5676
8107
8527
9394
2221
9287
2634
8248
997
4688
7217
5080
9343
8523
4100
3224
8186
8182
7024
6445
4353
375
7586
1593
5663
2745
6027
7534
8610
3785
8072
9756
1910
867
5103
5920
433
3449
3870
8823
3116
6124
3699
9707
5336
4086
3644
6687
925
1777
9446
161
1519
4019
270
9508
1237
7778
8220
3139
2856
1847
9380
6996
7556
1194
3762
4974
4098
2518
2950
8439
4857
7614
8444
980
5519
1577
775
8863
2445
3565
9290
7255
6732
8883
5189
7249
6787
2476
5862
8917
1909
5579
6881
1224
7789
9231
9090
472
1112
619
2154
5135
4506
855
2673
6450
4988
5618
4482
917
8738
3368
1133
2991
2531
9336
5715
3683
7520
7334
1135
3529
4149
5574
4791
6431
7956
7174
5169
4260
4769
766
4292
795
384
1747
9203
7533
4183
74
7705
3257
8354
6266
8393
3845
4394
3252
2747
8716
6383
8073
7469
5603
6159
4091
8583
5847
8976
1313
4891
8308
9475
9716
7315
1161
6881
8056
2373
7333
5223
8532
2574
1163
9058
5893
3885
953
7708
8108
574
4550
1337
4550
721
2802
306
6790
1480
8835
5245
6573
1759
9407
8962
5322
1445
8337
2975
9589
479
968
748
7281
8155
2923
6975
223
2878
6061
7229
9597
5248
9447
5132
2183
2859
3403
4835
6957
3451
271
5030
3552
4197
6365
6999
6388
8783
5806
3258
849
701
8389
5253
789
693
471
8243
9867
8654
9967
9042
2722
5455
3986
7587
5856
8137
361
6453
2235
2703
2426
3377
8067
2357
9710
606
5020
5437
5935
1466
6209
6543
9702
8929
9680
6357
2516
3163
8857
559
3474
5030
5406
5877
9824
357
6345
1787
7889
5417
3851
9679
9360
7505
3190
7422
3879
5768
1483
6136
9986
6497
7575
7757
2993
3998
1215
6483
184
2848
7941
4566
831
9832
4594
3069
956
4218
9229
1190
525
3124
8344
3546
3795
4709
3795
3417
1923
5644
1551
1349
624
943
4551
2776
4646
3554
2269
5321
5145
8374
375
6329
5687
307
4853
3823
7474
8834
6305
9565
4708
2200
1796
1195
6509
2760
3590
1512
2699
1285
6364
6909
6933
2112
7110
3650
2169
2897
4812
276
254
2433
211
6737
9533
7499
9482
6039
1824
5038
9507
2149
2845
9081
6558
8731
8218
2805
4669
6833
569
4842
4777
6127
1916
5556
751
3472
9517
3377
3883
4652
2683
3480
3090
9975
2652
1097
4109
2094
7573
9605
7322
4877
9891
9110
478
5470
3958
4770
9545
7763
7599
5283
8218
4413
2513
1091
4174
6314
4910
8724
8074
2901
9556
2382
9533
4079
7565
6400
2798
4711
662
2527
3703
5563
2414
4118
8633
433
9974
5256
5692
7752
8253
6603
8040
6396
2109
1330
9442
9656
1157
3892
2502
8359
6082
1576
730
3991
4979
3778
6654
5329
3168
6790
9488
7586
171
2515
7554
1337
3102
7943
2590
9625
6592
8539
5372
5541
5539
2701
4647
9317
8481
6396
4295
3499
6195
6712
6835
7118
2236
636
4922
4972
9566
650
6315
6067
179
1878
1957
6093
2653
6489
1264
2385
5973
9780
3478
6270
6604
8978
9076
6892
9838
145
564
2668
5684
803
7752
1387
4254
5879
8593
7614
5485
2404
3036
6553
3289
4038
3971
6796
4803
9929
6321
522
1241
3686
2603
8582
8078
7304
877
9676
8740
1788
8886
7335
7827
883
6430
5802
6982
6869
6509
6056
8968
7669
4638
6197
3256
2666
4864
6225
9470
579
498
5820
3434
6491
7335
5170
4217
6715
7227
3101
9579
9544
279
3834
1532
7149
4652
3504
3343
8896
3965
289
4238
9160
3654
7443
8312
3367
9274
6832
9705
4432
1698
1662
6972
8025
6451
1039
5770
9169
6995
5667
446
4546
4684
3609
1965
4617
1326
7320
1682
7133
3810
8363
7949
8958
4081
4204
5240
6260
1938
2236
3575
4062
2534
9838
9361
4924
5276
5629
7488
3067
5911
6370
8457
4674
8940
5957
3687
7269
3279
7827
6712
1104
55
9762
7951
3292
7797
544
5944
1071
6920
1223
8546
4024
2366
9850
3386
6341
533
7432
8134
9284
4229
4639
7572
898
7266
3272
6292
4706
8543
3906
2966
1645
3975
1266
4548
9811
3474
1862
6521
4722
9336
4234
8370
8752
1846
719
1810
2160
7697
1111
2995
9688
6895
2763
8919
6110
4237
8790
2536
1295
2150
5798
738
367
2711
5325
4260
7361
7999
8573
8835
1412
9589
2359
2468
2960
9960
5296
4572
3709
852
7119
8888
8169
6213
827
3617
6467
262
6833
8977
7824
4421
660
4533
1619
376
926
6079
8259
385
2287
4590
5214
92
8838
7818
4544
3562
7061
8482
6974
5039
3819
1671
4167
7010
4139
8097
5227
9567
5553
9107
5648
1758
624
4016
6952
1653
6963
232
3069
8188
4494
1899
5155
4500
3048
3335
9984
9424
9436
9420
8311
1114
2104
6254
8690
4302
3165
1923
9085
667
2176
8986
3342
9935
3352
7458
2079
7908
8104
9441
7878
6427
7744
4359
2809
9435
6999
6758
2237
8771
7587
7032
2657
3099
2512
9109
2846
3463
5959
8117
7014
9350
747
5380
5851
9888
5095
7681
6341
5785
3166
2678
4071
8996
9328
2623
2382
8718
4330
4037
1147
4321
2737
1931
4248
8038
4850
3276
8866
2885
3095
5979
1602
4152
2373
6393
6140
6007
6244
508
4669
8313
5976
1431
607
2579
7462
8469
3302
98
1803
1215
6338
9834
8963
5389
9825
8346
311
5879
3630
9151
5101
6413
2888
4339
7967
4602
9344
6927
9393
5711
2046
8510
8745
8460
8791
3071
9965
1379
5305
4475
3294
8812
2619
2144
2512
1535
4353
6667
6093
8130
4689
4695
2384
9744
4703
380
3492
2693
9418
8818
9893
454
469
5484
7939
9058
9555
4489
5445
7604
6024
7633
6290
8713
7881
5705
3604
2058
9230
3227
2519
7841
8798
7972
7671
6043
3503
6931
7709
1595
8290
1177
8907
5246
8417
3039
2643
4809
3228
391
6978
1741
1078
4471
883
3550
3499
9630
736
3397
3002
5685
2655
4436
2932
6122
933
7949
9715
8313
2414
1115
7510
5121
8970
2383
2806
780
5432
9851
1817
7793
8289
802
6656
5723
1263
8589
7233
7234
7493
6442
4574
1489
4428
6455
7819
138
6819
5993
1566
6486
5188
3074
2397
4171
2043
6898
3459
7709
5744
9633
3776
3579
2434
791
4609
7197
9714
6113
8628
8072
1852
8733
8925
2726
5250
1572
3961
2529
4590
6417
1426
1532
4641
6937
8694
7553
71
9
64
8339
5742
2177
1286
3425
2985
5770
36
1493
3104
2305
6913
2484
7989
9150
5321
3480
9133
9096
162
7488
548
1500
4646
4631
8152
7954
1719
5981
8038
5064
1640
1290
8691
1835
30
3209
7708
9437
1374
2241
1884
6640
1404
8633
588
5121
8024
9685
6308
4987
4551
3559
2966
2374
893
3542
2115
7792
8010
9950
9527
5989
8500
393
9819
5552
1465
2931
4744
9194
2980
824
1581
3760
4401
2045
1642
2310
9510
1473
5346
9363
8108
8801
9526
4355
7990
579
4686
7668
9481
531
4773
8237
6710
8299
9694
1621
7601
3124
1294
2722
228
5606
6789
7867
6591
7655
9768
6818
6179
8035
7777
6512
693
8453
7244
4757
8253
3090
1024
3988
67
2655
1221
2233
5055
2576
88
948
8277
3778
4798
7053
7087
3664
7667
9602
4950
4343
2004
9881
6569
4970
5207
7397
9566
5104
4904
3222
7332
6438
1035
6476
4879
912
6583
9322
4504
4316
2347
811
932
5747
6619
140
6217
5014
8930
5433
3136
1977
8125
5065
2067
4138
8941
4671
414
1357
7991
4534
5543
9475
9618
8814
1855
7834
4396
216
168
9237
8262
1116
2884
4672
8221
4931
1554
9342
1347
9540
4400
954
7443
7966
124
6017
2097
185
880
4993
6120
3948
1711
2524
9407
1776
5905
4693
2073
5943
5765
1290
3437
3159
6104
7393
9854
5943
3394
5229
5730
8198
6977
4241
8115
8405
9967
4555
4230
4998
6583
6640
2972
5009
9504
7859
6019
8860
5565
4787
1469
1292
585
8757
3155
888
4492
865
1735
8330
5989
1882
9433
6662
1991
1917
8952
5126
813
4520
8448
1884
9647
9938
8721
9876
6276
2677
5794
4423
2148
9234
1928
762
8949
2858
755
4658
3653
3580
7728
9459
7627
3361
5344
8551
3856
8211
3725
2994
2579
1361
1034
346
9725
4203
4965
2141
4399
4584
6039
4319
1392
5261
5846
7008
2175
8856
8493
7496
3169
9472
1528
2982
3225
5310
3378
7737
3173
1046
7967
2691
9100
3552
3562
4122
7526
9597
2165
2155
5104
9568
7777
9032
7613
6997
6725
1788
3039
9655
915
3856
1381
4345
5339
5404
9413
4183
4474
2725
2135
4079
8289
2913
3835
7456
7517
1199
837
4790
9568
4850
4821
2480
985
9311
354
8763
9731
9411
2741
1909
726
882
2655
4780
1062
5161
2128
8972
7086
3539
2422
1242
4176
5070
8087
4670
1417
6319
3052
7131
7644
58
4012
14
2343
4301
3535
861
4748
2687
362
4623
7159
2168
7168
9555
3968
4189
6694
5441
6179
1109
5606
3783
2301
481
1709
1881
426
5990
4196
5307
3016
5337
8512
6181
5477
2186
7103
7870
1940
1368
4832
257
6844
4013
3175
3562
8889
1996
415
2846
4724
9152
6048
9807
3330
71
6323
3222
8480
5995
4449
4516
5890
1289
3366
292
3699
3315
1184
9433
9800
3100
9393
8330
7175
4187
1788
4219
8891
2238
7663
3170
7689
8560
6302
6316
1226
6568
1030
5124
2904
1404
174
4127
9990
9389
9169
7434
5257
5843
2734
3546
5714
6870
8559
1522
2185
3188
4251
389
6461
1786
7462
2849
8537
4283
5012
3754
5060
9204
623
3668
1526
9082
2440
7852
4988
2299
898
1450
1077
3862
4687
2358
9012
8952
7578
4278
908
8000
1715
3798
7189
2301
3582
7001
8217
4716
7314
3042
3313
907
6298
4440
2305
2700
8049
6408
1434
6697
9259
415
5005
8039
7605
451
6530
1354
4400
3913
8252
8357
7515
2946
5945
4307
7120
6156
6659
3580
7736
5123
686
8001
8873
4884
5442
242
3061
2682
8190
8596
4516
4619
6555
8747
3832
5638
662
2765
4135
4215
8369
5497
1942
9525
5565
3761
1592
5481
6770
4309
5599
3002
7405
2404
4493
9157
8005
4018
8819
9401
2363
1166
2833
7039
6149
1702
4140
2253
9917
2006
6021
1547
522
3429
9522
7338
8032
1128
522
6511
925
6936
2916
6289
1030
6324
2850
5480
1045
3172
476
9296
1730
5059
5115
6325
2866
6100
6885
6939
1979
3971
2879
3452
7454
2686
8790
3710
8155
2952
7527
1378
9965
7476
4795
8236
757
9457
7889
5992
9215
8693
8015
7767
9677
1228
8337
2273
4679
5247
9650
6943
9262
8081
3083
9756
6259
6587
4563
3407
9753
5926
8904
9537
4687
9810
2335
5281
4230
8681
1028
9108
2892
923
9784
8051
2629
6251
9393
3806
1207
9695
3403
904
6964
9225
5021
6172
1751
1
2720
5053
4337
3468
8723
6997
9840
73
8032
9087
6844
260
6865
4364
2793
9568
8511
8886
9977
153
1424
9450
8956
2880
9141
2146
3629
1212
4057
401
2329
600
7473
44
2289
4792
6410
8049
620
3534
3674
1086
3552
4535
1395
9780
7094
6207
9837
4680
6515
6730
2663
318
9060
9255
7044
4469
4197
2715
1994
741
8354
2623
1148
3964
6548
6478
6836
9494
1664
3986
746
9517
3173
3124
2720
1704
1054
9304
3337
8172
7370
6366
7768
5580
7530
4922
8126
436
5568
5722
9036
7184
3009
3133
6452
501
8786
6549
2907
7370
8542
5627
3326
8968
5200
8618
4263
7175
9128
1715
6049
5604
5433
1363
1662
451
7995
770
8382
2170
4653
6478
8254
5024
5677
782
1256
7865
8094
1037
650
6184
1752
7446
3490
2419
9102
6782
482
8770
9589
698
8494
4384
1290
3755
5873
6662
6948
8110
5440
4643
8931
8938
2546
961
7802
7064
5867
7702
2163
3062
6800
639
3219
108
9208
5780
6133
1246
5082
1957
1648
425
3209
3249
5655
5637
7368
5442
1488
6809
7715
1463
9509
710
4100
1699
1266
79
2805
6511
965
4399
8891
9860
5279
5339
4749
4932
3642
708
1726
4956
5071
6989
5765
4937
4303
1983
9892
2998
9568
5921
6053
3171
6677
1505
6360
5055
9250
792
9075
9559
2932
9553
7840
4126
2184
7808
3575
5272
1874
8627
7251
1083
2300
5916
8297
1350
5497
5972
7808
8488
2735
6828
7885
8028
7963
4080
8483
3562
9609
1792
947
7299
3643
2329
3039
4097
4088
9518
3749
3750
3280
5423
7379
3609
3071
2174
5527
1219
9924
6806
2433
4505
1375
8872
3878
5308
8694
7692
2310
568
742
8553
1227
4282
7001
4907
9940
2544
3546
6683
5829
3410
4323
3175
4931
3115
1534
2682
3290
273
3126
35
876
54
2458
7489
7083
1088
5045
4041
